# Frame list with one line of data per frame:
#   FRAME_ID, RIG_ID, RIG_FROM_WORLD[QW, QX, QY, QZ, TX, TY, TZ], NUM_DATA_IDS, DATA_IDS[] as (SENSOR_TYPE, SENSOR_ID, DATA_ID)
# Number of frames: 199
1 1 0.70018159359380172 -0.064283319002151479 -0.69979448925005794 -0.12609941992635176 -4.1460033897417876 0.046398913682352175 1.7027707665298764 1 CAMERA 1 1
2 1 0.70013583079198416 -0.063887611255298293 -0.69980361100360078 -0.1265033501359997 -4.1463732301785736 0.044349980540817228 1.7079907041036253 1 CAMERA 1 2
3 1 0.70029731915880089 -0.064806261246997593 -0.69966624968822566 -0.12590056524653082 -4.1452225115342864 0.050067385109679369 1.6968050560604768 1 CAMERA 1 3
4 1 0.70044186743357284 -0.065126050004415764 -0.69962781105840943 -0.12514277426447837 -4.1438165593499532 0.049893341013365899 1.6883998105536917 1 CAMERA 1 4
5 1 0.70132060896578552 -0.066865891804185729 -0.69873206714081049 -0.12430548782021238 -4.1382955999241382 0.059930529845885878 1.6736540854300168 1 CAMERA 1 5
6 1 0.70073147880135722 -0.066104692275618049 -0.69934252147840614 -0.12460177337515717 -4.1417759978537978 0.055337757155413024 1.6800946261441896 1 CAMERA 1 6
7 1 0.70230500648303806 -0.067718483085655867 -0.69767085991484401 -0.12424675506072437 -4.1331593122306387 0.065181061619699138 1.6697095023626991 1 CAMERA 1 7
8 1 0.70360262822640895 -0.067875228176191932 -0.69640825585139288 -0.12390252674962139 -4.1259466131544134 0.063529952383385158 1.6654511139813668 1 CAMERA 1 8
9 1 0.70534830796916059 -0.06776149523531011 -0.69469598037368974 -0.12365128006274537 -4.1169092653919304 0.060193968107400977 1.66599869978003 1 CAMERA 1 9
10 1 0.7073784628859372 -0.067008669459763595 -0.69286007583795783 -0.12276181724046155 -4.1059163731560577 0.048690441556777424 1.666354056697634 1 CAMERA 1 10
11 1 0.70959434717241088 -0.066662920079372509 -0.69076341352629478 -0.12197468623018651 -4.0937729750177949 0.040720289919816625 1.6685507159234054 1 CAMERA 1 11
12 1 0.71201416398168715 -0.066961867611967874 -0.68822615703719192 -0.12205201901318492 -4.0811119562455227 0.040870336823359978 1.6748537216059531 1 CAMERA 1 12
13 1 0.7144849606915713 -0.067054126718042936 -0.68567370112982695 -0.12192850616065723 -4.0676487005824988 0.037876163169738727 1.6776719053133167 1 CAMERA 1 13
14 1 0.71743645246321908 -0.067486306515950598 -0.68254725612154732 -0.12190069019810057 -4.0520288932114017 0.038619876226412921 1.6860762093904942 1 CAMERA 1 14
15 1 0.72092760828642566 -0.06866779058979941 -0.67876895093277057 -0.12174082879443303 -4.0323460316081752 0.042987500997508921 1.6990301509061627 1 CAMERA 1 15
16 1 0.72532737920977564 -0.069910337216062074 -0.67387227374121339 -0.12210199180137099 -4.0103115677355676 0.049589703602358912 1.7222465312022499 1 CAMERA 1 16
17 1 0.72975687969250647 -0.069485312821378403 -0.66908173776736468 -0.12229601804545856 -3.9847703288421141 0.045095979489152754 1.7451448641458183 1 CAMERA 1 17
18 1 0.7344876653480219 -0.069092500852533933 -0.66414848052838249 -0.12108216875079321 -3.9565645005403418 0.031843045354907847 1.7684968670208767 1 CAMERA 1 18
19 1 0.73983029621800422 -0.069667812742273308 -0.65820450117876783 -0.12068290389983635 -3.9257817944468343 0.028646984191137797 1.7971689865171852 1 CAMERA 1 19
20 1 0.74557754303683377 -0.071297388329844724 -0.65133752560992431 -0.12161512023117474 -3.8905498410404142 0.036448145017309939 1.8326389874847693 1 CAMERA 1 20
21 1 0.75181603798313568 -0.071182740103204814 -0.64401024117542693 -0.12229665491708402 -3.8519252874914334 0.037443049251858207 1.8720000358875164 1 CAMERA 1 21
22 1 0.75863030290922229 -0.073203958677015971 -0.63571455905364271 -0.12242648140458948 -3.8102799870386619 0.042334252498298926 1.9163355466038119 1 CAMERA 1 22
23 1 0.76619287108953704 -0.074407006512579352 -0.62650897369600866 -0.1220597704068911 -3.7619320695188123 0.039884057362350213 1.9684302307571298 1 CAMERA 1 23
24 1 0.77390358437110973 -0.074216903040608406 -0.61730302299760098 -0.12042454566504604 -3.706766883794308 0.027505017732149237 2.0204094023066483 1 CAMERA 1 24
25 1 0.781388158921139 -0.075810431682479515 -0.60809821292176491 -0.11790626356264899 -3.6498127861975282 0.023587579705994823 2.0703207201357583 1 CAMERA 1 25
26 1 0.78883197702983054 -0.078350562316840747 -0.59854145146672832 -0.11555705203900843 -3.5898352928143349 0.024349119944627979 2.1168180702683981 1 CAMERA 1 26
27 1 0.79735680874864645 -0.079645792554551148 -0.58713506267823168 -0.11467818207645633 -3.5259051949746674 0.026969251753117922 2.1785632577947602 1 CAMERA 1 27
28 1 0.8058623258815929 -0.080967972890405221 -0.57546718681048192 -0.11343551469957648 -3.4581649941714967 0.027897342409535286 2.2380999397240262 1 CAMERA 1 28
29 1 0.81392308609029429 -0.082919155482533244 -0.56420725079498601 -0.11101261970460194 -3.3856845807959361 0.0249888221489863 2.2870914225407897 1 CAMERA 1 29
30 1 0.82219305517991248 -0.084984170150457491 -0.55237060854279818 -0.10799528534069558 -3.3099068435875174 0.021961811768465466 2.3376695750183223 1 CAMERA 1 30
31 1 0.83054031754925672 -0.086294924608003531 -0.54012670012775943 -0.10497197112170559 -3.2308201943148775 0.014617289454228515 2.3881662885370143 1 CAMERA 1 31
32 1 0.83876036558636502 -0.088244681002032269 -0.52727535135366976 -0.10331809740380046 -3.1494537576617212 0.015460952593044277 2.4356545142745403 1 CAMERA 1 32
33 1 0.84699101946176947 -0.091425910279707784 -0.51360767357017878 -0.10224809793080848 -3.0647045567553408 0.028203495617259811 2.4862997312644763 1 CAMERA 1 33
34 1 0.8551648190644513 -0.094466264648997059 -0.49951054140767054 -0.10128413548204769 -2.9777096775988965 0.041287935658074384 2.5362135700529467 1 CAMERA 1 34
35 1 0.86301273902233588 -0.095893110222997568 -0.48599196000250305 -0.099122845549606584 -2.8889753459183698 0.038327501779993819 2.5747437782886733 1 CAMERA 1 35
36 1 0.87092957332915188 -0.095735235083541884 -0.47258955243989798 -0.094739421514263705 -2.7955917065466687 0.017211943644418606 2.6073566338883811 1 CAMERA 1 36
37 1 0.8787892944258765 -0.095193874086258637 -0.45895119765029513 -0.089617523477719202 -2.6990551307517836 -0.0060052602643176434 2.6390054121910116 1 CAMERA 1 37
38 1 0.88647720589254231 -0.096232734774609113 -0.44423939265712209 -0.086883751083745145 -2.60077817526963 -0.01080615414118556 2.6715349395111345 1 CAMERA 1 38
39 1 0.89418918551369564 -0.095620728301121047 -0.42931623686838033 -0.083486200001495273 -2.4994165684782286 -0.027996244504296081 2.6998760841506564 1 CAMERA 1 39
40 1 0.90179123701146824 -0.095882452822025274 -0.41357872598776108 -0.080819289161056559 -2.3950978169565187 -0.039396694505603104 2.7250533949919289 1 CAMERA 1 40
41 1 0.90905878535169404 -0.096374392075237222 -0.39756495358216465 -0.079159389905698443 -2.2904095621657374 -0.043211961062795783 2.748661980736455 1 CAMERA 1 41
42 1 0.91595308075273574 -0.097161733580694451 -0.3814373919223199 -0.078070912833558589 -2.1866055726985727 -0.044208637405008751 2.7665961891404338 1 CAMERA 1 42
43 1 0.9223140272085576 -0.099578683235696297 -0.36533692367797471 -0.077135291902543354 -2.0837422865305584 -0.036095114137563687 2.7779836525967054 1 CAMERA 1 43
44 1 0.9285242318380823 -0.10100868413770311 -0.3491204183486406 -0.075861255660178331 -1.9800112299188302 -0.034758265154112407 2.784741829151772 1 CAMERA 1 44
45 1 0.93459380088603505 -0.10123101803512503 -0.33267214866477707 -0.074939641283681482 -1.8750292058215823 -0.03921199293343898 2.7878465736399005 1 CAMERA 1 45
46 1 0.94044252117767368 -0.10086463749187681 -0.31649675776081149 -0.072277185830018839 -1.7708307982114948 -0.049336320479031068 2.7855175985185632 1 CAMERA 1 46
47 1 0.94577832853752386 -0.099633590107096409 -0.30173455812830841 -0.06732575600951908 -1.6713351982374705 -0.064199413145446901 2.7773911059352976 1 CAMERA 1 47
48 1 0.95033488065235994 -0.099744310130924038 -0.28831427216415412 -0.06155946457227153 -1.5786134070173978 -0.071991053090934509 2.7618674080968124 1 CAMERA 1 48
49 1 0.9547339482130156 -0.099841748119137388 -0.27434276725666262 -0.057015432262312406 -1.4874062534435575 -0.078612991041375202 2.7413561688454604 1 CAMERA 1 49
50 1 0.95857987831244418 -0.099842543961070757 -0.26091364944606665 -0.055499106683049138 -1.4062553764147172 -0.08180955945655248 2.7142844652838001 1 CAMERA 1 50
51 1 0.96171947640081779 -0.10062994951389055 -0.24848851266774391 -0.0567690148262349 -1.3362187996492974 -0.076232387126048851 2.6786940282672056 1 CAMERA 1 51
52 1 0.96437953986407321 -0.10299905735745252 -0.2363347906656644 -0.059238197103313947 -1.2707154775263818 -0.062047519855693102 2.6352790785472262 1 CAMERA 1 52
53 1 0.96702572345760696 -0.10449077566351775 -0.22433501285550286 -0.060139254897692472 -1.2051851703970784 -0.05497518667134501 2.591468107671921 1 CAMERA 1 53
54 1 0.9694605688825626 -0.10539033711051632 -0.21325479499261915 -0.059678091778189279 -1.1430368905557702 -0.051066278183109506 2.5467408646141396 1 CAMERA 1 54
55 1 0.97168194745967618 -0.10565709191106652 -0.20379963921545061 -0.056004276314578709 -1.0851147008748507 -0.052612480473723258 2.5020884202278415 1 CAMERA 1 55
56 1 0.97365245517797694 -0.10551831921384207 -0.19497329704538133 -0.05340593857837371 -1.0330427847454635 -0.054805098729100339 2.4552422641646499 1 CAMERA 1 56
57 1 0.97540370094871931 -0.10538758204176162 -0.18685291596546549 -0.050666216773458769 -0.98563239155219251 -0.057638298337249212 2.405486831605133 1 CAMERA 1 57
58 1 0.97695842674927658 -0.10539669048933184 -0.17897877634947404 -0.049095495250783362 -0.94263252791350538 -0.058175690135858896 2.3529355306543347 1 CAMERA 1 58
59 1 0.97985195128777003 -0.10459786119160248 -0.16271598533805451 -0.049728755334896131 -0.86381520113238308 -0.061876516257999614 2.2431856121628906 1 CAMERA 1 59
60 1 0.97835639756473092 -0.10568652191656625 -0.17075406914484956 -0.049921601534978731 -0.90305330726738531 -0.056689532562438062 2.2979579468922822 1 CAMERA 1 60
61 1 0.98121214846368543 -0.10380230548115785 -0.1550956553100975 -0.048919717783388425 -0.82644215920887898 -0.066037010781153566 2.1889956179846575 1 CAMERA 1 61
62 1 0.98251663578681725 -0.10332914937959235 -0.14759538181271178 -0.046901498464383302 -0.78895528225878864 -0.069289494317884823 2.1356582995179316 1 CAMERA 1 62
63 1 0.98360023801783758 -0.10393884615605335 -0.14017175643982777 -0.045597880735570154 -0.75312149844815901 -0.067536819129229417 2.081670371473046 1 CAMERA 1 63
64 1 0.9846142954599606 -0.1043285700227685 -0.13254475353198902 -0.045630329431573552 -0.71893599967631794 -0.064689143885582862 2.0297173359332872 1 CAMERA 1 64
65 1 0.98557979314533772 -0.10429650852025216 -0.12553935458293417 -0.044660722172605416 -0.68701281719214846 -0.063361211922821625 1.9805889804343246 1 CAMERA 1 65
66 1 0.98637496076355469 -0.10493377533058591 -0.11919621966999623 -0.042960456118948019 -0.65682339638983833 -0.060094235942553594 1.9309275026276278 1 CAMERA 1 66
67 1 0.98709266141034502 -0.10644512028651748 -0.11247292961864665 -0.040833249442457427 -0.62559190216975402 -0.054409016602382232 1.8821361045005536 1 CAMERA 1 67
68 1 0.98773807927357427 -0.10822297188886873 -0.10572262320923877 -0.038522747179411905 -0.59481990063014922 -0.047713384870832799 1.834759666383263 1 CAMERA 1 68
69 1 0.98827462143118427 -0.10987458200612824 -0.099370974360132674 -0.036962931684944147 -0.56757311948637468 -0.04136026435486579 1.7883999688500316 1 CAMERA 1 69
70 1 0.98884540327288395 -0.11046496355683963 -0.093506827360190503 -0.035195645888451178 -0.54258750705234815 -0.03845418917637565 1.7404526405881102 1 CAMERA 1 70
71 1 0.98938458172056531 -0.11056660558855673 -0.088350558401655371 -0.032975051362544562 -0.51983428333673953 -0.037419019622146457 1.6929920005205623 1 CAMERA 1 71
72 1 0.98970552836327796 -0.11152986124182231 -0.083551248199023487 -0.032607454714067105 -0.50168419610359338 -0.032792398999849072 1.6453010048707157 1 CAMERA 1 72
73 1 0.98996753541912041 -0.11238167609939942 -0.079184887738812632 -0.032625009533702939 -0.48605213855774437 -0.028251927262308622 1.5972821085580149 1 CAMERA 1 73
74 1 0.99029915778186139 -0.11238809661208086 -0.074726502260704347 -0.033052136032797629 -0.47114930441731739 -0.026614009585857162 1.5487352268163785 1 CAMERA 1 74
75 1 0.99067960226392293 -0.11188925385661168 -0.070289623026786846 -0.033077022604195878 -0.4558258192612249 -0.026746327194486039 1.5003166956518479 1 CAMERA 1 75
76 1 0.99103338540490715 -0.11163222371309361 -0.065862321532522805 -0.032453508964445821 -0.44050191407071948 -0.026422317490557897 1.4527133408102346 1 CAMERA 1 76
77 1 0.99154142109496513 -0.11261508700705937 -0.056568562227132337 -0.031039494179585712 -0.40891883751585678 -0.022371695428639295 1.3611721242851496 1 CAMERA 1 77
78 1 0.99132366817213635 -0.11188018282267916 -0.061398277416908481 -0.031471592643850702 -0.42464462546124954 -0.025024130506666794 1.4062612675871193 1 CAMERA 1 78
79 1 0.99179494834617132 -0.1130426403013398 -0.051479269702416709 -0.030232874484954136 -0.39285366854863829 -0.020537360710583121 1.3156710085343597 1 CAMERA 1 79
80 1 0.99209586137427985 -0.11297413313319139 -0.046487763335680873 -0.028662430931017894 -0.37696435454037114 -0.020996519741267233 1.2713898049771051 1 CAMERA 1 80
81 1 0.99235355111813084 -0.11293078214191704 -0.041835810528942627 -0.02703392286436794 -0.36179167580381882 -0.021395057848241354 1.2271705440490988 1 CAMERA 1 81
82 1 0.99258084948772007 -0.11291771057726541 -0.037668379104048438 -0.024777834528035725 -0.34740215261848473 -0.021644798006580285 1.1826460968910566 1 CAMERA 1 82
83 1 0.99292888895807041 -0.11267281406984039 -0.029607930676832581 -0.022812910448052271 -0.32479593997505107 -0.021720621893180744 1.0918796769901293 1 CAMERA 1 83
84 1 0.99276355633765501 -0.11286956176790104 -0.033522119956522788 -0.023606158259112844 -0.33541319892793897 -0.021689585342931913 1.1378252358609302 1 CAMERA 1 84
85 1 0.99306663653582283 -0.11254447390919993 -0.026033225143380932 -0.02178687633791241 -0.31547665215918957 -0.021821470727530001 1.0463166840466196 1 CAMERA 1 85
86 1 0.99315890363416104 -0.11247973280223819 -0.023057687024873104 -0.02126134779338594 -0.30777652196375377 -0.020771427190793123 1.0022823337548052 1 CAMERA 1 86
87 1 0.9932743282426304 -0.11204786171589687 -0.020703107216951198 -0.020561295937025645 -0.30120547639161627 -0.020344060140623961 0.9575265321728198 1 CAMERA 1 87
88 1 0.99341673088092552 -0.11119707527079238 -0.018299950825972976 -0.020579627228005215 -0.29642820903825678 -0.020359259107857523 0.91209480375633989 1 CAMERA 1 88
89 1 0.99354321067362161 -0.11042851391503707 -0.01676813653415379 -0.01990631648597864 -0.29119240784814193 -0.020503890538125704 0.86621646374853978 1 CAMERA 1 89
90 1 0.99356127169743536 -0.11060339543634259 -0.015485223403970761 -0.019055082184448575 -0.28828783872305974 -0.0197680536283464 0.81904858821530657 1 CAMERA 1 90
91 1 0.99354607047831189 -0.11098978530917469 -0.014310502552052603 -0.018511696595299769 -0.28571477041404947 -0.018312174780351905 0.77275398881581614 1 CAMERA 1 91
92 1 0.99357694939177199 -0.11092738662509889 -0.013370585856959501 -0.017921717766656922 -0.28282099800814603 -0.017868574817756437 0.72529985939407637 1 CAMERA 1 92
93 1 0.99371069634430509 -0.10995002865514086 -0.01226472303996288 -0.017309527388203658 -0.28051982885594517 -0.016277684577597176 0.62972047953651045 1 CAMERA 1 93
94 1 0.99366019681380868 -0.11031303714821582 -0.012550820512347485 -0.017689658208866279 -0.28159876450080279 -0.0174551947174914 0.67705145179752291 1 CAMERA 1 94
95 1 0.99370174163895097 -0.11006624153691148 -0.010842635558640148 -0.018019666805922988 -0.27888900093125618 -0.012946183822051312 0.53103910895384809 1 CAMERA 1 95
96 1 0.99370829378167536 -0.10996608258714048 -0.011667637708028386 -0.017752571088833425 -0.27991488572983408 -0.014818533554365229 0.57991062482947442 1 CAMERA 1 96
97 1 0.99376178532228732 -0.10977228828936714 -0.0092259495932676041 -0.017390819729924567 -0.27608422005083921 -0.011157267786971261 0.43342190905187439 1 CAMERA 1 97
98 1 0.99371818182040261 -0.1100433706440174 -0.01001694769316904 -0.01772829534301696 -0.27749159359643877 -0.012356877518084175 0.48174391447893333 1 CAMERA 1 98
99 1 0.99378453903437891 -0.10975295244622614 -0.008648955853315831 -0.016485598812623976 -0.27418213212776876 -0.011084080162339374 0.38414388191990451 1 CAMERA 1 99
100 1 0.9938213243715317 -0.10954911877176579 -0.0080107692122780329 -0.015937169678833817 -0.27235005545436464 -0.010629552199559272 0.33416146984715372 1 CAMERA 1 100
101 1 0.99382591609594495 -0.10962557267586254 -0.0070533686275469493 -0.015573448640203044 -0.27132481552079496 -0.0099941473345407233 0.28524061537849005 1 CAMERA 1 101
102 1 0.99381546362057194 -0.10979362427192907 -0.0062804967813428186 -0.015386347781123168 -0.2701651071085156 -0.008981442219887132 0.23596261944184699 1 CAMERA 1 102
103 1 0.99382201365260092 -0.10966859837237211 -0.0046385724545030373 -0.016403882348798596 -0.2698321762862852 -0.0064829159687442113 0.13435530122530537 1 CAMERA 1 103
104 1 0.99380143770269269 -0.10992143133786297 -0.0054316777090541064 -0.015699625153531169 -0.2698181916384087 -0.0079749373443587096 0.18530744661046342 1 CAMERA 1 104
105 1 0.99383727326434979 -0.10982417892846712 -0.0035212456729012223 -0.014619330425202842 -0.26656908398109652 -0.0055581406036843929 0.030174030682721321 1 CAMERA 1 105
106 1 0.9938566700654039 -0.10948860200072066 -0.0039766639677340319 -0.01566370141832412 -0.26843894602983609 -0.0057663082600115682 0.082392973985721152 1 CAMERA 1 106
107 1 0.993794581880037 -0.11033176395175263 -0.0031102336319456794 -0.01376798227526207 -0.26532777325961276 -0.0047942390704439983 -0.021868084652816599 1 CAMERA 1 107
108 1 0.99376201916107032 -0.11064776071351864 -0.002621906519082156 -0.013683856481326948 -0.26497113335846934 -0.0041761786480093988 -0.075829718400655166 1 CAMERA 1 108
109 1 0.99377745359224923 -0.1105449583596792 -0.0020699562643590646 -0.013487038000443414 -0.26515838132255309 -0.0037423445602869244 -0.13048462167296032 1 CAMERA 1 109
110 1 0.99380115585974393 -0.11038231422500805 -0.0014750024845752382 -0.01314654653660219 -0.26550644744178686 -0.0028859558800973144 -0.18702485464324853 1 CAMERA 1 110
111 1 0.99381335420583139 -0.11030969437536206 -0.0009607520708953427 -0.012878869687488756 -0.26524559243467194 -0.0015939593111689383 -0.24264683490028907 1 CAMERA 1 111
112 1 0.99383623004495592 -0.11005245770306696 -0.00055023037384789011 -0.013330478238976108 -0.26571406676006565 0.00046367077930849112 -0.2994871627557848 1 CAMERA 1 112
113 1 0.99380974372506736 -0.11027357508391171 -0.00030193172596157478 -0.01348483416886577 -0.26597798144529022 0.0023209242497368218 -0.41615999574202966 1 CAMERA 1 113
114 1 0.99385119956531009 -0.10989242820650443 -0.00033574123107934026 -0.013540111642752803 -0.26585664689509442 0.0016098003642245962 -0.35772198401259991 1 CAMERA 1 114
115 1 0.99373857764209006 -0.11092552323638703 -0.00027156312765810978 -0.013382595192156867 -0.26517201528341217 0.0016777128504522302 -0.47630421938768758 1 CAMERA 1 115
116 1 0.99378930346945971 -0.11052110426269071 -0.00025849819928737883 -0.012955269233888162 -0.26386207121629879 0.0046385544947968576 -0.53609890643784408 1 CAMERA 1 116
117 1 0.99370687293656113 -0.11115874289832899 0.00038552876464465657 -0.013792603941103017 -0.26533791582076816 0.0061636703719584246 -0.65869921587114377 1 CAMERA 1 117
118 1 0.99377342681871395 -0.11060889839241063 1.6234912560427734e-05 -0.013418177291841912 -0.26467993910931276 0.0059734803881281743 -0.59748562253533188 1 CAMERA 1 118
119 1 0.99369020854489698 -0.11123786398436011 0.0011461051852891676 -0.014303618461789252 -0.26628971849222566 0.0075262012222122926 -0.72247400349630186 1 CAMERA 1 119
120 1 0.99370017514912645 -0.11101825111549643 0.0023295788464975553 -0.015148692691119084 -0.26836491925348771 0.0094806630687678042 -0.78488656036091653 1 CAMERA 1 120
121 1 0.9936124116823557 -0.11192948112841068 0.0040071981294472377 -0.013788000879364489 -0.26941456276765741 0.0093966534340277422 -0.9133625449413405 1 CAMERA 1 121
122 1 0.99366284415486639 -0.11140685007447544 0.003167003806737905 -0.014582043390188657 -0.26851461327411047 0.0095901710630121907 -0.84851030304005348 1 CAMERA 1 122
123 1 0.99362255999438132 -0.11175997991732806 0.0062466318450548316 -0.013597600879678633 -0.27310892687602711 0.012245830618334744 -1.0471908448304059 1 CAMERA 1 123
124 1 0.99359432873768294 -0.11211539258322586 0.0048878499474021512 -0.013287496721133099 -0.27003603301906837 0.010218406695524939 -0.97988302008526373 1 CAMERA 1 124
125 1 0.99360684966694091 -0.11178179288707367 0.0075526729876757518 -0.013900223186324459 -0.27624502080812219 0.013874337743709537 -1.1154905770465049 1 CAMERA 1 125
126 1 0.99354410758387335 -0.11224583251095227 0.0086999979123529962 -0.013974598585046421 -0.27870189470276885 0.014312603864782206 -1.1837911127826464 1 CAMERA 1 126
127 1 0.99346793900996466 -0.11285535613025888 0.0096052411869716539 -0.013887479747810403 -0.28035574453362405 0.013797786854798749 -1.2530343656748628 1 CAMERA 1 127
128 1 0.99344529448154606 -0.11303469253986372 0.010329496024891617 -0.013524299122865758 -0.28169376583045819 0.015033765000624498 -1.3209428906499279 1 CAMERA 1 128
129 1 0.99349270014213187 -0.11271392378259905 0.010755610276899424 -0.012334625952905675 -0.28137259631235106 0.016966817375650187 -1.3918276989086598 1 CAMERA 1 129
130 1 0.9935006634915079 -0.11261639668024806 0.011319238929449043 -0.012076989308130089 -0.28244518459740275 0.018530771593219465 -1.4626265726614762 1 CAMERA 1 130
131 1 0.9934305547595591 -0.11320003418189514 0.011766357098601823 -0.011959848325153248 -0.28363877739228383 0.018172398089876914 -1.533457509109081 1 CAMERA 1 131
132 1 0.99338629997813188 -0.11346014366700488 0.012115247859510918 -0.012793575892704238 -0.28384771475921816 0.020041021771094267 -1.6024601728318701 1 CAMERA 1 132
133 1 0.99338169834003631 -0.11341801325401958 0.012581844641219352 -0.013071069504851544 -0.28620776008342497 0.020852482396302979 -1.6782323184191463 1 CAMERA 1 133
134 1 0.99341486077047014 -0.11321499792340478 0.012666431566219084 -0.012200006433165569 -0.28579481017583175 0.023018356200362196 -1.7520948673164878 1 CAMERA 1 134
135 1 0.99340179593607503 -0.11348175774358192 0.012474942724288779 -0.01091504898906112 -0.28433241585807706 0.023614822455476948 -1.8248027753259237 1 CAMERA 1 135
136 1 0.9933778373262665 -0.11380748321060224 0.012051388723201323 -0.010153477438813702 -0.28230770227405738 0.023223218795279922 -1.8994476371540614 1 CAMERA 1 136
137 1 0.99335745242624807 -0.11395001808409853 0.011825892958961158 -0.010794134684700824 -0.28123631122110415 0.024221066038273887 -1.9758331549817501 1 CAMERA 1 137
138 1 0.9933014350752033 -0.11435071299267166 0.011960446057221115 -0.011537818065899891 -0.28224790536621036 0.02454026427664982 -2.0525723745261861 1 CAMERA 1 138
139 1 0.99311552590143026 -0.11584961056551069 0.012088428236092266 -0.012421346469928117 -0.28287030517604206 0.021723505278770743 -2.2067277705790067 1 CAMERA 1 139
140 1 0.99320722732864086 -0.11507393394968825 0.012142865639099092 -0.012245167273949075 -0.28335773985469442 0.023486652241908788 -2.1290113387965177 1 CAMERA 1 140
141 1 0.9930678899205837 -0.116356831962833 0.011804719324838849 -0.011743179548749831 -0.2804437446569053 0.020766974463187936 -2.2851708048318362 1 CAMERA 1 141
142 1 0.99300448793153018 -0.11691465700951165 0.01175290724139424 -0.011615467944207526 -0.28030477761387779 0.018835366900381661 -2.3656702302506973 1 CAMERA 1 142
143 1 0.99293667304335032 -0.11753909744520122 0.011642087921661479 -0.011215421801908215 -0.27915022165708786 0.016797894703868381 -2.4457484941798313 1 CAMERA 1 143
144 1 0.99291767236307404 -0.1177455936173885 0.011657717073348511 -0.01070367812585773 -0.27857787343161755 0.018017508460117047 -2.5258960214403618 1 CAMERA 1 144
145 1 0.99307014301592478 -0.11650674584462554 0.011644542283692752 -0.010113053842917599 -0.27748297759082408 0.026835532721954814 -2.6894714751462208 1 CAMERA 1 145
146 1 0.99296423932832489 -0.11737293234566608 0.011675757832036532 -0.010454226262549143 -0.27869329276368754 0.021188972489140583 -2.6067337255629983 1 CAMERA 1 146
147 1 0.99314132230148722 -0.11594929610478882 0.011660626415965981 -0.0094923369959567325 -0.27723435184878764 0.03122194399414142 -2.7719966592113003 1 CAMERA 1 147
148 1 0.99309642918441809 -0.11628224268913519 0.011933949251504022 -0.0097725754847863434 -0.27899213245948162 0.030848997316978793 -2.8554699273921491 1 CAMERA 1 148
149 1 0.99314349983012484 -0.11590579324478945 0.012134033263320455 -0.0091978842258296344 -0.28030391054822812 0.037371055933829458 -3.0233836847626265 1 CAMERA 1 149
150 1 0.99308830141270854 -0.11629245002056748 0.012223522890328581 -0.010113216777322411 -0.28099540381378296 0.033114733493296689 -2.93864726020609 1 CAMERA 1 150
151 1 0.99309729378561951 -0.11642247198306867 0.011938790912080216 -0.0078127053309578424 -0.27801396308617909 0.035224706501133921 -3.1078600857011982 1 CAMERA 1 151
152 1 0.99298463742984855 -0.11741266899784841 0.012084516312520549 -0.0070526202653001116 -0.27890529670067021 0.030076977894456351 -3.1925311107937189 1 CAMERA 1 152
153 1 0.99279663660880046 -0.1190690365502305 0.012093705928805074 -0.0055807840095209839 -0.27822471829286255 0.021924506266729767 -3.3640107576521499 1 CAMERA 1 153
154 1 0.99287106077996046 -0.118420449166961 0.012034030028193593 -0.0062318541423826944 -0.27807767073299072 0.024706612177663661 -3.2773676532615603 1 CAMERA 1 154
155 1 0.99280425010018725 -0.11891171453313723 0.012416472804086025 -0.0067495431623336172 -0.28039317016407345 0.024589657072167898 -3.452071067902811 1 CAMERA 1 155
156 1 0.99285372214652057 -0.11837532290302558 0.012748901511494243 -0.0081384800579993623 -0.28259547735920554 0.03112349199005977 -3.5396823844670156 1 CAMERA 1 156
157 1 0.99261038527064793 -0.12040239836250828 0.012880486285216531 -0.0078726485040327022 -0.28341494329021194 0.018995623812751463 -3.7182101095553168 1 CAMERA 1 157
158 1 0.992767882439889 -0.11912186470727931 0.012768662105949491 -0.0076729533104024847 -0.28341777583512301 0.026744968307616527 -3.6292846405250634 1 CAMERA 1 158
159 1 0.99256862731568873 -0.12080553084500298 0.012775405637586432 -0.0070945610647521057 -0.28173302932322758 0.01827636744255666 -3.8081057080098475 1 CAMERA 1 159
160 1 0.9924909184300944 -0.12156963154237169 0.012513790437561505 -0.0050996636481806341 -0.27953315213455848 0.01316340376733998 -3.8976627955107519 1 CAMERA 1 160
161 1 0.99228620295084125 -0.12301821699919654 0.013457567398645072 -0.0073146154684677949 -0.28685275852004483 0.0054083073494705777 -4.0755316932490739 1 CAMERA 1 161
162 1 0.99235414425691193 -0.12257779576880594 0.013011893591827355 -0.006215061202274161 -0.28343728310422955 0.0067792327728262332 -3.9857733314110799 1 CAMERA 1 162
163 1 0.99224752141881689 -0.12329721676873547 0.013503255149443911 -0.0077662523566400486 -0.28685238752867642 0.0045980875702018587 -4.1675259189200737 1 CAMERA 1 163
164 1 0.99223015398413839 -0.12338730674390935 0.013648492039785935 -0.0082832797935156049 -0.28752300225762861 0.0058420187934225248 -4.2599918708600901 1 CAMERA 1 164
165 1 0.99223388743620566 -0.12344789542753394 0.013788732086519456 -0.0065115747092479729 -0.28884747025354052 0.0081385294541276437 -4.4462825184167389 1 CAMERA 1 165
166 1 0.99228368892381402 -0.12304668621609055 0.013666960386898843 -0.0067681534238861378 -0.28839789265080873 0.010499382421231379 -4.3533511909796685 1 CAMERA 1 166
167 1 0.99210158175358798 -0.12437772246311686 0.014392850614522756 -0.0075815228090859253 -0.29318097007975896 0.0035049901044729372 -4.6309301743061333 1 CAMERA 1 167
168 1 0.99212388224459269 -0.12427214388396431 0.014105401072455347 -0.0069046502435747472 -0.29121731205079981 0.0025033981300796159 -4.5381412191942188 1 CAMERA 1 168
169 1 0.99215228929144861 -0.12400545481165251 0.014397284711174988 -0.0070142871083654799 -0.29306594861551827 0.009178339503546417 -4.7233303877160164 1 CAMERA 1 169
170 1 0.99214414735347922 -0.12408610186562016 0.01451942896994558 -0.0064665584679402567 -0.29443899784022831 0.0095787284314785819 -4.8200044628599512 1 CAMERA 1 170
171 1 0.99206052635049424 -0.12460904161420942 0.015165416102588222 -0.0076491149556104738 -0.30024669029007683 0.0057188206998273492 -4.9168449513989039 1 CAMERA 1 171
172 1 0.99200410727692379 -0.12495886322734255 0.015692805278253976 -0.0081773778891956698 -0.30457290859863395 0.0044677349705597932 -5.0112849406323958 1 CAMERA 1 172
173 1 0.99191615132104971 -0.12555110570744971 0.016211913698030496 -0.0087431377846283534 -0.3095366398067893 0.00039621730377465428 -5.105678464582887 1 CAMERA 1 173
174 1 0.99186388410542503 -0.12599075246943345 0.016336930166926895 -0.0080913788816924254 -0.31061493684612057 -0.0026620605597700944 -5.2012800434981372 1 CAMERA 1 174
175 1 0.99186310426909952 -0.126021370242685 0.016406032381568007 -0.0075523991761968397 -0.31099529003762755 -0.0010575922812026963 -5.2970193168221513 1 CAMERA 1 175
176 1 0.99185140243435721 -0.12606162880925148 0.016838227526760261 -0.0074656094670394095 -0.31575305781571134 0.0004775005271667064 -5.3929319322389064 1 CAMERA 1 176
177 1 0.99180310800736349 -0.12630286188670012 0.017412112674375868 -0.008426171038975647 -0.32121196087326287 -8.9085349808197171e-05 -5.4896960312240699 1 CAMERA 1 177
178 1 0.99177140032999589 -0.12648177656704576 0.017703455789692665 -0.0088564855910940755 -0.32383298712330316 5.7149830430252522e-05 -5.5861569348443121 1 CAMERA 1 178
179 1 0.99175327769604149 -0.12658866757874968 0.017953727836590501 -0.0088548899804018373 -0.32624977279218204 0.0009533953404256407 -5.6826194246357691 1 CAMERA 1 179
180 1 0.99171538974821438 -0.12688521923003407 0.018238207795331508 -0.0082519484915841435 -0.3295740474803735 -0.00072999475198087468 -5.7785289469711136 1 CAMERA 1 180
181 1 0.99167773332076592 -0.12716450390775702 0.018555223419671911 -0.0077566658770383788 -0.33289057165187302 -0.002177563770623682 -5.8741275362436989 1 CAMERA 1 181
182 1 0.99162718716840648 -0.12738713169956378 0.019256695896386601 -0.0087874916208445456 -0.3401770436916538 -0.0024677118507400379 -5.9700958853571793 1 CAMERA 1 182
183 1 0.99162781812402612 -0.12729358432677298 0.019804728151846935 -0.0088536125201897319 -0.34597775598861685 0.0004200709020261295 -6.0654856198035656 1 CAMERA 1 183
184 1 0.99162342570327877 -0.12719379502101094 0.020622807066413524 -0.0089117862041523613 -0.35592338876075391 0.0039568238164682393 -6.1605884961377422 1 CAMERA 1 184
185 1 0.99162267912249658 -0.12700622459020586 0.021454221298242104 -0.0096745828721729009 -0.36453140002580192 0.008335421170662223 -6.2551207261836739 1 CAMERA 1 185
186 1 0.99166908553670563 -0.1265686768480167 0.022076124440904836 -0.0092433522818372339 -0.37200899934125009 0.015525492840339184 -6.3496321498443704 1 CAMERA 1 186
187 1 0.99165428135624989 -0.1264803237318276 0.02284339878020784 -0.010133760835940971 -0.3796645635747094 0.019375159080654816 -6.4431506637924443 1 CAMERA 1 187
188 1 0.99140043185153148 -0.12810163111161876 0.024475418948588543 -0.010775421032653127 -0.39933039513623414 0.0033948994729182088 -6.6268658315005347 1 CAMERA 1 188
189 1 0.99153672104943358 -0.12722527530605643 0.023700409883568373 -0.010341697403554864 -0.39041408215763806 0.01234526448446395 -6.5345217416808925 1 CAMERA 1 189
190 1 0.99132973633939225 -0.12834300247928176 0.025552275536525278 -0.011853639895819055 -0.41276383071142275 0.0028835763881039206 -6.7176392207155615 1 CAMERA 1 190
191 1 0.99121448541008639 -0.12928120853170591 0.025891834707768797 -0.010479786699400369 -0.41796073276124157 -0.0085525373496328216 -6.80851930953395 1 CAMERA 1 191
192 1 0.99093120736579365 -0.13121091661504494 0.026845267859550333 -0.010879762091117387 -0.43109859956442043 -0.032572889594030895 -6.8989550676620404 1 CAMERA 1 192
193 1 0.99103117775266836 -0.13009182775139339 0.028050393839031355 -0.01210357302353844 -0.4460234739428377 -0.014696364057146603 -6.9901042806193985 1 CAMERA 1 193
194 1 0.99151808095976468 -0.12589170960109058 0.029414718177297332 -0.013339675338278352 -0.46307079716724547 0.046741703094278143 -7.0834216311401219 1 CAMERA 1 194
195 1 0.99199245536759151 -0.12198472974309957 0.030414056313646274 -0.012069771407542534 -0.47780451919517475 0.10318556425101151 -7.1750965353056566 1 CAMERA 1 195
196 1 0.99217178445320398 -0.12027483165333279 0.031348943932269349 -0.012097880807762066 -0.49025628030005036 0.13150738375631243 -7.263247980255116 1 CAMERA 1 196
197 1 0.99213892392767156 -0.12100165945170259 0.031018088498039234 -0.0075387149769788608 -0.48905620705968605 0.12741960229645774 -7.442074944367171 1 CAMERA 1 197
198 1 0.99227134607599554 -0.11974126862144435 0.031192387837065391 -0.0093080226944919145 -0.49012275185162069 0.14315898720999304 -7.3521122120639673 1 CAMERA 1 198
199 1 0.99180803967508935 -0.12380109912428504 0.03085289787366435 -0.0061805326851676135 -0.48748681192528831 0.085800415596423929 -7.530257266152617 1 CAMERA 1 199
