# Frame list with one line of data per frame:
#   FRAME_ID, RIG_ID, RIG_FROM_WORLD[QW, QX, QY, QZ, TX, TY, TZ], NUM_DATA_IDS, DATA_IDS[] as (SENSOR_TYPE, SENSOR_ID, DATA_ID)
# Number of frames: 108
1 1 0.64659235335843146 0.14643649150556998 -0.73981124418339117 -0.11469091295201848 -4.1732293289846405 0.044880179975599226 1.6926033595755936 1 CAMERA 1 1
2 1 0.64746252331878329 0.14522978513875945 -0.73946001752512325 -0.11357584641096996 -4.1696856219237963 0.050776748125618359 1.6769547058321677 1 CAMERA 1 2
3 1 0.64936374072833569 0.14366180220094205 -0.73808941523646521 -0.11363113099663039 -4.1611212546979885 0.060514347870388514 1.6661617027036368 1 CAMERA 1 3
4 1 0.65076176982893275 0.14361627270241462 -0.73685876303613629 -0.11367782757000636 -4.1537854877307581 0.05859779949557286 1.6627674471677694 1 CAMERA 1 4
5 1 0.65468516824909395 0.14440155408491762 -0.73320266202235296 -0.11379533406889603 -4.1336056811158306 0.04486445716060819 1.6639964705042978 1 CAMERA 1 5
6 1 0.65921313881495958 0.14451605859365463 -0.72903442174145738 -0.11428892482818698 -4.1070284089897839 0.035640799567331835 1.6671198392142816 1 CAMERA 1 6
7 1 0.66496191001170835 0.14404697160218574 -0.72360856817245534 -0.11604640568853855 -4.0783121284451695 0.034829717209671707 1.6808919365056285 1 CAMERA 1 7
8 1 0.67335838795648295 0.1418650125273232 -0.71580890499410299 -0.1186609081391697 -4.0362721547807849 0.044621299522120662 1.7165710514435855 1 CAMERA 1 8
9 1 0.68238658998626178 0.1429331457064725 -0.70666038644385631 -0.12062236897190089 -3.9810016868609566 0.026573221568579511 1.7584567866455221 1 CAMERA 1 9
10 1 0.69429086036875487 0.14023283575079457 -0.69475641548299305 -0.12493388704001603 -3.9158150043082505 0.03360344333051727 1.8254433377602926 1 CAMERA 1 10
11 1 0.7005727153687934 0.14013785110273341 -0.68795954662557202 -0.12755749831288443 -3.8768742602546533 0.03369647365683124 1.863915525301304 1 CAMERA 1 11
12 1 0.71619770821557716 0.13680337382171859 -0.671467438751853 -0.13220120405569977 -3.7871163570880007 0.035484164203504455 1.9664397215317517 1 CAMERA 1 12
13 1 0.73267416941003072 0.13516742202992238 -0.65354149844052956 -0.13342353359589096 -3.6742283505905999 0.020215928252455894 2.067597628210442 1 CAMERA 1 13
14 1 0.64621052001142154 0.14731971969796773 -0.73986808721352459 -0.11534330295981966 -4.1743205413201077 0.039419257845012441 1.7045620113147264 1 CAMERA 1 14
15 1 0.75019191171226041 0.13065052310197475 -0.63378721060687115 -0.13585399547251448 -3.5491841924693408 0.024761902359809507 2.174944510988849 1 CAMERA 1 15
16 1 0.78709196478028953 0.12234746708213093 -0.58853715499950077 -0.13835228029195576 -3.2520333547947193 0.012593060293573793 2.3847396382456476 1 CAMERA 1 16
17 1 0.79623442517612808 0.11980133722005538 -0.57622523061766739 -0.14008163107396884 -3.1702715983879122 0.014586498575441515 2.4344056629310264 1 CAMERA 1 17
18 1 0.81469324312282676 0.11219673989006508 -0.55027446905202038 -0.14451581186004805 -2.9974217384608393 0.039812385697738491 2.5352958797987997 1 CAMERA 1 18
19 1 0.83241472240631842 0.10950928604346798 -0.52359112992469525 -0.14472655200633555 -2.8140285465830064 0.016039804530247451 2.6076450058431875 1 CAMERA 1 19
20 1 0.85003376313080992 0.10757017417060234 -0.49515614132992697 -0.14384594144374763 -2.6175035853953288 -0.012478603062789749 2.6750441275726056 1 CAMERA 1 20
21 1 0.86710983258841889 0.1059786239220116 -0.46457633614111205 -0.14511339496332351 -2.4100788486768114 -0.041326066999991293 2.7311924830189134 1 CAMERA 1 21
22 1 0.88298430640466496 0.10196367943236766 -0.43309658535088041 -0.1495642687178112 -2.1993930326712188 -0.045533084135374061 2.7746143275402249 1 CAMERA 1 22
23 1 0.89747884733761096 0.095458283014038886 -0.40213955511081501 -0.15395847817135866 -1.9910265219439474 -0.036585570688160929 2.7940900247838543 1 CAMERA 1 23
24 1 0.90421918454733152 0.093757464182022215 -0.38612938659995605 -0.15652891429591345 -1.8851997511977616 -0.04106256736317257 2.7982936835678136 1 CAMERA 1 24
25 1 0.9172305044460477 0.092679620647094618 -0.35478865307888258 -0.15563965200690952 -1.6794786867726104 -0.066322860603685863 2.7888805331628101 1 CAMERA 1 25
26 1 0.92856066854645403 0.090237435212187522 -0.32666644359726799 -0.15139790204095183 -1.4937369239874001 -0.080247427200840285 2.7544482145378137 1 CAMERA 1 26
27 1 0.93656803918838916 0.086716868779938172 -0.30152819487863392 -0.15620896367703049 -1.3406474342571375 -0.078087715532808064 2.6925553723732403 1 CAMERA 1 27
28 1 0.94281519531978841 0.079980798137564563 -0.27914902279465365 -0.16364107820525226 -1.2079577377697641 -0.057333041757579799 2.6053371385062958 1 CAMERA 1 28
29 1 0.94892057804850483 0.076523082946797424 -0.2586215359762668 -0.16373409987441687 -1.0864074392517877 -0.05417553739810952 2.5168103399978694 1 CAMERA 1 29
30 1 0.76843770788889765 0.12629173062847551 -0.61193999730294768 -0.13814241770792249 -3.4077358172824606 0.023725780182776761 2.2824995190268873 1 CAMERA 1 30
31 1 0.95395935406692511 0.075028501083318044 -0.24119774703322172 -0.16172792473627903 -0.98564719212699314 -0.059418826592313297 2.4211311729448104 1 CAMERA 1 31
32 1 0.95919572535404674 0.072967306076168734 -0.2174861456972414 -0.16528493317985568 -0.86228665645189106 -0.063524568259346548 2.2599522410401676 1 CAMERA 1 32
33 1 0.96258597672686574 0.072431378440005731 -0.20215700834829584 -0.16527091940729807 -0.78650166592667803 -0.071400096457185411 2.1513410134957534 1 CAMERA 1 33
34 1 0.96552409019299679 0.069629811593039742 -0.1873520456852055 -0.16677569238972567 -0.71522157051247071 -0.066488430411481572 2.0464751819195026 1 CAMERA 1 34
35 1 0.96823742662301726 0.067408904303384226 -0.17402039808033173 -0.16640080035569949 -0.65218932829924159 -0.061790864880281848 1.9482123844349939 1 CAMERA 1 35
36 1 0.97122580735476161 0.062526840452507407 -0.16062855056453126 -0.16434504584761878 -0.58934250466480742 -0.04907662118390093 1.8523905347541476 1 CAMERA 1 36
37 1 0.97246492379157412 0.060045048653893859 -0.15446324666058439 -0.16385258483854023 -0.56175951034346194 -0.042588426515080408 1.8059185465661733 1 CAMERA 1 37
38 1 0.97465709183940696 0.058038933200263654 -0.14313724388150381 -0.16182325226657646 -0.51308739975080553 -0.038800478703025283 1.7109657111289975 1 CAMERA 1 38
39 1 0.97589911072390134 0.054974047893661421 -0.13436313085701868 -0.16292737281618308 -0.47888518069365771 -0.029429325478264087 1.6161831522783128 1 CAMERA 1 39
40 1 0.97675646554274487 0.054249764203382789 -0.12563211192112603 -0.16498588593743296 -0.44812448906491142 -0.02782249687246607 1.5191700394165222 1 CAMERA 1 40
41 1 0.97796087532734177 0.053030189423312495 -0.11662780352187359 -0.16485836583070407 -0.41636199621796038 -0.026136246844948578 1.4254509129503894 1 CAMERA 1 41
42 1 0.97912162568874428 0.050503024746378467 -0.1068502658420869 -0.16538835294413154 -0.38387035171256761 -0.021374423367304076 1.3348199721319902 1 CAMERA 1 42
43 1 0.9804785259334301 0.049348362504015274 -0.097035081412674418 -0.1637400142812257 -0.35220333604177495 -0.022572715799727895 1.2456274597514145 1 CAMERA 1 43
44 1 0.98117325542475031 0.04899367095022622 -0.092487713573425473 -0.16231046141262345 -0.33772884456830815 -0.022490993124650718 1.2017601716490931 1 CAMERA 1 44
45 1 0.98208537978332644 0.04810539436193207 -0.08422215601273661 -0.1615574395863244 -0.31450809095779003 -0.022620173473428252 1.1111300259479744 1 CAMERA 1 45
46 1 0.98274349102942016 0.047491683984469291 -0.077717197070584873 -0.16099629831495871 -0.29649843757213185 -0.021094795622681847 1.0228411410870166 1 CAMERA 1 46
47 1 0.98309235408417039 0.048019125136546555 -0.072731385193402609 -0.16103953728887116 -0.28493990354621279 -0.021397284095831769 0.93027054869035286 1 CAMERA 1 47
48 1 0.95598579667628669 0.074138828270126314 -0.23331906469710026 -0.16173065493223174 -0.94219203056053458 -0.059669170980434762 2.3699199163490157 1 CAMERA 1 48
49 1 0.98340427651655804 0.048247424161977338 -0.069591941603525651 -0.16045303566629993 -0.27739782284572551 -0.020664838790773691 0.83635099459714501 1 CAMERA 1 49
50 1 0.98384104608548484 0.048485232840054987 -0.066014852379852593 -0.15921060737002052 -0.26912803216672598 -0.017186332377754923 0.64534118198440649 1 CAMERA 1 50
51 1 0.98384519241095247 0.048365225658237219 -0.065545814360552776 -0.15941514525507208 -0.2684263301095729 -0.015978510997107748 0.59562980141945032 1 CAMERA 1 51
52 1 0.98392156519572882 0.047982284659477639 -0.063822006958928951 -0.15975858452483374 -0.2662838036623984 -0.013902037755570822 0.49614443412472814 1 CAMERA 1 52
53 1 0.98415851693417111 0.048116213966349686 -0.06220698502457498 -0.1588934690716694 -0.2632370956074927 -0.012679143252079954 0.39741210558230511 1 CAMERA 1 53
54 1 0.98433134741121509 0.048116382515412601 -0.06054084521531055 -0.15846582690873162 -0.26057983687056607 -0.011127446129447365 0.29828007659668282 1 CAMERA 1 54
55 1 0.98444306798075876 0.04752224972529849 -0.058999148566890716 -0.15853259019539059 -0.25852731974480103 -0.0090733865224827855 0.19857562057533285 1 CAMERA 1 55
56 1 0.98445949368473662 0.047782852586449175 -0.057626404156920358 -0.15885685958320203 -0.25621703267899726 -0.0071596388695948487 0.094055652970745043 1 CAMERA 1 56
57 1 0.98465649781529685 0.047396297160139267 -0.057101592557918968 -0.15793853378125194 -0.25402260753012207 -0.0068240398474727166 0.042160459859794039 1 CAMERA 1 57
58 1 0.98494239503052827 0.046454688866592306 -0.056200632127463769 -0.15675435975534563 -0.25186681813818057 -0.0059537901308530355 -0.064116567838777894 1 CAMERA 1 58
59 1 0.98504734383154902 0.046634703648646227 -0.054834658336201922 -0.15652506211838796 -0.25361187696607018 -0.0038844207895020666 -0.17352492069919057 1 CAMERA 1 59
60 1 0.98506352252064922 0.046795567179856321 -0.053878903017635357 -0.15670703653997872 -0.25386907228432354 -0.00083035047109159227 -0.28708370704321146 1 CAMERA 1 60
61 1 0.98503335100047851 0.046550310377474716 -0.053737225051248109 -0.15701807750803903 -0.25365259864020678 0.0015256535735831153 -0.40423102195685151 1 CAMERA 1 61
62 1 0.98512971817513995 0.046318377067594146 -0.053678615605583131 -0.15650128606711741 -0.25124552621478802 0.0039179252136917987 -0.52534159018231863 1 CAMERA 1 62
63 1 0.98509518712412159 0.045571416222664807 -0.053239160496318202 -0.15708695082023877 -0.25246257594470384 0.0054523624081741825 -0.64810258711417545 1 CAMERA 1 63
64 1 0.98502791268939638 0.045297708960961143 -0.052595243168721009 -0.15780326099825073 -0.25350753177742147 0.0064015182486019629 -0.71161978157820671 1 CAMERA 1 64
65 1 0.98372002745478504 0.047596097763547528 -0.067299579669774387 -0.15968808859245445 -0.2717176044221527 -0.018758423077057433 0.74130869814429812 1 CAMERA 1 65
66 1 0.98504457546893209 0.044851367024656648 -0.050659270526607098 -0.15845875654239799 -0.25600482773171418 0.0088285276977522597 -0.83763699529930924 1 CAMERA 1 66
67 1 0.98534677639211909 0.043904341667838284 -0.046313878067644025 -0.15817447244959768 -0.2634390939392362 0.013804122983110191 -1.1029934933901322 1 CAMERA 1 67
68 1 0.98539382109386908 0.042465566135173806 -0.044340868248761656 -0.15883822098534431 -0.26924445343314324 0.013677431232062836 -1.2414171067159507 1 CAMERA 1 68
69 1 0.9856666159201567 0.042512996444173862 -0.04301722773282185 -0.15749122360317888 -0.26938967577476625 0.016797544422238145 -1.3791403836150626 1 CAMERA 1 69
70 1 0.98576688276825808 0.04188527977858101 -0.041943022235286835 -0.15732151493356364 -0.27239053651454648 0.018179944979514546 -1.5223517933634358 1 CAMERA 1 70
71 1 0.98566367914316522 0.041490484121091555 -0.041742150298657583 -0.15812414184368284 -0.27317242192071173 0.019522963153281014 -1.5920505495004056 1 CAMERA 1 71
72 1 0.98573247736125835 0.041746092645347371 -0.04112824993495539 -0.15778850997892882 -0.2742198311953587 0.023100270304290144 -1.7413740317531916 1 CAMERA 1 72
73 1 0.98608551013019596 0.041277203096423444 -0.041557573847779312 -0.15557804238289658 -0.27019842589725707 0.023006245958054321 -1.8884125111731875 1 CAMERA 1 73
74 1 0.98589120385447016 0.040690813832323626 -0.041886797067699995 -0.15687029056980831 -0.27070597106975075 0.024197569591909281 -2.043070566590663 1 CAMERA 1 74
75 1 0.98582481903741181 0.039188671859003509 -0.042198025497003383 -0.1575849003297459 -0.26997091334900208 0.021597159449262132 -2.1975951620400758 1 CAMERA 1 75
76 1 0.98600241851191328 0.03820963045933997 -0.042588464406247674 -0.15660612225687787 -0.26689883600828773 0.018870222590107059 -2.3571857640290101 1 CAMERA 1 76
77 1 0.98607960987825549 0.037563112693569413 -0.042679825831202334 -0.15625123364036572 -0.26619791431180934 0.016370061065250859 -2.4380040219445775 1 CAMERA 1 77
78 1 0.98618027251143314 0.037812573936441822 -0.042405484639776288 -0.15562922037343266 -0.26694528972828818 0.021984850167297666 -2.598092049804654 1 CAMERA 1 78
79 1 0.98627083515904679 0.039237549958371941 -0.042032670927003385 -0.15480151472993728 -0.26581854678265687 0.031586836016853782 -2.7650341547198094 1 CAMERA 1 79
80 1 0.98618926576713062 0.038806222848129471 -0.041689727492856023 -0.15552098178548343 -0.26908571350480509 0.033684906916380604 -2.9328597164664485 1 CAMERA 1 80
81 1 0.98658084771543753 0.038769661590514676 -0.041558491934812328 -0.15306219653902123 -0.26667933234475566 0.035430478943601636 -3.1028877248260729 1 CAMERA 1 81
82 1 0.98691271451795914 0.036816365320483477 -0.041621917299685438 -0.1513785492323147 -0.26549419892449844 0.024784228403620191 -3.2739810612323201 1 CAMERA 1 82
83 1 0.98534283771039777 0.04394841237424043 -0.048832632834275129 -0.15742745374640735 -0.25768676308214716 0.0099982288480805221 -0.96861988097593188 1 CAMERA 1 83
84 1 0.98687070178281056 0.036279930762555285 -0.041443483688092468 -0.15183024154088021 -0.26705983843374492 0.025080911179602997 -3.4496185658863348 1 CAMERA 1 84
85 1 0.98675444170880133 0.034677290380276907 -0.041336774341480802 -0.15298505935834128 -0.27078910422427172 0.019713991117695343 -3.7181168442351349 1 CAMERA 1 85
86 1 0.98720994208719925 0.033723819319284518 -0.041315106533169867 -0.15024079415013 -0.26832739938949213 0.014847328902773783 -3.8992015667909761 1 CAMERA 1 86
87 1 0.98692053649845146 0.032033877586869833 -0.040913546479334054 -0.15260329956734756 -0.27609584926209496 0.0065576156706839356 -4.078903255899661 1 CAMERA 1 87
88 1 0.98677594600377416 0.031657814527650832 -0.040935578390036448 -0.15360759613236202 -0.27697280192627 0.0076664047987869584 -4.2649130164866351 1 CAMERA 1 88
89 1 0.9870876843889469 0.031562213522811543 -0.040538500791951683 -0.15171802779745189 -0.27796785860954193 0.0090879818686496004 -4.4521047931939277 1 CAMERA 1 89
90 1 0.98697097278565404 0.030531300367499997 -0.040269866240379704 -0.15275626484498492 -0.28219906692259256 0.0047335655418359697 -4.6382166507599827 1 CAMERA 1 90
91 1 0.98706323831026122 0.030867100055511056 -0.040119838065694712 -0.15213081313200857 -0.28196526512830972 0.0095652443213934176 -4.7311401236390322 1 CAMERA 1 91
92 1 0.98700658946557451 0.030278540185823943 -0.039571353688965 -0.15275899424575104 -0.28851340890076826 0.0085645807979791988 -4.9234196477199648 1 CAMERA 1 92
93 1 0.98688817638552617 0.029086008604732431 -0.038866644915210746 -0.15393217768527465 -0.29773282278871177 0.0020643366983414627 -5.1144767944705221 1 CAMERA 1 93
94 1 0.98709466558457848 0.0285987163139911 -0.038517280344392661 -0.15278302822804796 -0.29976287109552374 0.00051779597660626747 -5.3061901223495509 1 CAMERA 1 94
95 1 0.98698981427416277 0.028165127633080256 -0.037792207583573732 -0.15371916325047494 -0.30857619304512568 0.0017935751219585738 -5.4991313281395025 1 CAMERA 1 95
96 1 0.98690661366399057 0.02782679511277324 -0.037259020548023387 -0.15444342254634383 -0.31558766523355575 0.0040747009681512281 -5.6933468790970396 1 CAMERA 1 96
97 1 0.98700852214277723 0.027548231400757121 -0.036977999931995839 -0.15390873817054873 -0.31813181367722404 0.0028964469782103743 -5.7895935770781692 1 CAMERA 1 97
98 1 0.98694434253580887 0.0268856072567202 -0.036108334590434062 -0.15464222266930447 -0.32893566817190029 0.001539983717482621 -5.9828008378168809 1 CAMERA 1 98
99 1 0.98696487612516404 0.026877681160406331 -0.03477774948629081 -0.15481741404424831 -0.34448899777557679 0.0082563259926643484 -6.1740672215660961 1 CAMERA 1 99
100 1 0.98690150682697886 0.027299409082847753 -0.033271539228460802 -0.15547720978887897 -0.36089360764540596 0.020634485127956494 -6.3644037738027386 1 CAMERA 1 100
101 1 0.98673617741053066 0.026244146507791749 -0.032012730703478584 -0.15696542943029862 -0.37846379218284143 0.015328489008147088 -6.5522037631374239 1 CAMERA 1 101
102 1 0.98659101751938427 0.024796940911178934 -0.03060453122834586 -0.15838762116973248 -0.40067323169359137 0.0061668327300380653 -6.7356145400669911 1 CAMERA 1 102
103 1 0.98681507545078362 0.021719897255029139 -0.029503490534434632 -0.15765087051005999 -0.42121408905941021 -0.030080247536466733 -6.919431861149282 1 CAMERA 1 103
104 1 0.98655696808909932 0.022566864980889913 -0.028258490336323088 -0.15936606616118182 -0.43853187092523255 -0.01233063502200007 -7.0116490633544952 1 CAMERA 1 104
105 1 0.98663564004247395 0.036720006797296235 -0.041275159970555447 -0.15329095233636378 -0.26920730515641289 0.031539244075475426 -3.5384033954692593 1 CAMERA 1 105
106 1 0.9863875283610829 0.030457375329571677 -0.024856038518717313 -0.15966893727617665 -0.46795078050312067 0.10825549096536523 -7.1996184173744711 1 CAMERA 1 106
107 1 0.98738705212585409 0.028714184977220652 -0.023727902276504245 -0.15388077049737764 -0.47836289703535179 0.089669135874735767 -7.5575613005394411 1 CAMERA 1 107
108 1 0.98672632462819199 0.032667646056461212 -0.023226985403036506 -0.15736738015216817 -0.48244009851612246 0.14912396275679141 -7.3770412450240013 1 CAMERA 1 108
