# Camera list with one line of data per camera:
#   CAMERA_ID, MODEL, WIDTH, HEIGHT, PARAMS[]
# Number of cameras: 108
1 PINHOLE 512 512 635.04560810810813 633.59960183397686 256 256
2 PINHOLE 512 512 641.17103040540542 639.63519546332043 256 256
3 PINHOLE 512 512 636.5618363899614 635.00585183397686 256 256
4 PINHOLE 512 512 662.4592784749035 659.0719715250965 256 256
5 PINHOLE 512 512 677.74463079150576 674.81069015444018 256 256
6 PINHOLE 512 512 664.66964285714289 661.10545366795373 256 256
7 PINHOLE 512 512 641.41644546332043 639.859375 256 256
8 PINHOLE 512 512 669.43623310810813 665.6005670849421 256 256
9 PINHOLE 512 512 675.37228523166027 671.65612934362935 256 256
10 PINHOLE 512 512 671.71114864864865 668.13567808880316 256 256
11 PINHOLE 512 512 636.73383204633205 634.85183397683397 256 256
12 PINHOLE 512 512 638.32076496138995 636.12361245173747 256 256
13 PINHOLE 512 512 632.97405888030892 632.39665781853284 256 256
14 PINHOLE 512 512 640.3532215250965 638.21145028957528 256 256
15 PINHOLE 512 512 640.38784990347494 638.08886341698849 256 256
16 PINHOLE 512 512 636.43961148648646 634.65437982625485 256 256
17 PINHOLE 512 512 634.26182432432438 632.57329874517382 256 256
18 PINHOLE 512 512 638.37837837837844 636.31394787644786 256 256
19 PINHOLE 512 512 659.5006636100386 656.98449565637065 256 256
20 PINHOLE 512 512 640.78486969111975 638.71386341698849 256 256
21 PINHOLE 512 512 636.12457770270271 634.48340974903476 256 256
22 PINHOLE 512 512 637.50452461389966 635.74040781853284 256 256
23 PINHOLE 512 512 646.8844715250965 643.41342905405406 256 256
24 PINHOLE 512 512 677.28981660231659 673.67229729729729 256 256
25 PINHOLE 512 512 636.90787886100384 635.13724662162167 256 256
26 PINHOLE 512 512 674.54247104247111 671.95173745173747 256 256
27 PINHOLE 512 512 638.88754826254831 636.67000482625485 256 256
28 PINHOLE 512 512 633.91843629343634 632.87409507722009 256 256
29 PINHOLE 512 512 636.52998310810813 634.96657818532822 256 256
30 PINHOLE 512 512 635.7119329150579 634.19540299227799 256 256
31 PINHOLE 512 512 635.71567326254831 633.88742760617765 256 256
32 PINHOLE 512 512 639.45915781853284 637.56026785714289 256 256
33 PINHOLE 512 512 641.40999034749041 639.31147442084944 256 256
34 PINHOLE 512 512 675.18128619691117 672.64032335907336 256 256
35 PINHOLE 512 512 639.37741312741309 637.81370656370655 256 256
36 PINHOLE 512 512 674.36389961389966 671.27075289575293 256 256
37 PINHOLE 512 512 638.05670849420846 636.02425193050192 256 256
38 PINHOLE 512 512 637.07498793436298 634.95686534749041 256 256
39 PINHOLE 512 512 646.85074806949808 644.30393339768341 256 256
40 PINHOLE 512 512 634.23594353281851 633.07426399613905 256 256
41 PINHOLE 512 512 638.71392374517382 637.71796573359075 256 256
42 PINHOLE 512 512 637.78064671814673 635.84254343629345 256 256
43 PINHOLE 512 512 637.54476351351354 636.12680984555982 256 256
44 PINHOLE 512 512 635.3628740347491 633.86172779922776 256 256
45 PINHOLE 512 512 641.6067205598456 639.84954150579154 256 256
46 PINHOLE 512 512 633.87421573359075 632.64708011583014 256 256
47 PINHOLE 512 512 635.04319498069503 633.31768822393826 256 256
48 PINHOLE 512 512 633.62723214285711 632.43472490347494 256 256
49 PINHOLE 512 512 640.43997345559842 638.77883687258691 256 256
50 PINHOLE 512 512 665.90275096525102 662.26598696911196 256 256
51 PINHOLE 512 512 638.34942084942088 636.87560328185327 256 256
52 PINHOLE 512 512 657.63344594594594 654.50229247104244 256 256
53 PINHOLE 512 512 633.91716940154447 632.32643581081084 256 256
54 PINHOLE 512 512 639.23214285714289 637.02962113899616 256 256
55 PINHOLE 512 512 641.1678933397684 640.01864140926648 256 256
56 PINHOLE 512 512 638.03655888030892 636.25392133204639 256 256
57 PINHOLE 512 512 639.23135859073363 636.97092181467178 256 256
58 PINHOLE 512 512 634.26574565637065 633.16686776061772 256 256
59 PINHOLE 512 512 637.85261824324323 635.8681829150579 256 256
60 PINHOLE 512 512 679.30230453667957 676.44449806949808 256 256
61 PINHOLE 512 512 634.30351110038612 632.98582287644786 256 256
62 PINHOLE 512 512 635.90830115830113 634.04633204633205 256 256
63 PINHOLE 512 512 634.49022683397686 633.05526061776061 256 256
64 PINHOLE 512 512 635.46850868725869 633.91608349420846 256 256
65 PINHOLE 512 512 639.16342905405406 636.64454633204639 256 256
66 PINHOLE 512 512 677.97182673745181 674.6379705598456 256 256
67 PINHOLE 512 512 634.85816843629345 633.89792471042472 256 256
68 PINHOLE 512 512 638.5686534749035 637.54603040540542 256 256
69 PINHOLE 512 512 655.21434604247111 651.53094835907336 256 256
70 PINHOLE 512 512 658.44039575289582 655.22116312741309 256 256
71 PINHOLE 512 512 642.10219594594594 639.99197635135135 256 256
72 PINHOLE 512 512 649.42489140926648 647.07040299227799 256 256
73 PINHOLE 512 512 635.39454633204639 634.23769305019312 256 256
74 PINHOLE 512 512 633.56032818532822 632.81274131274131 256 256
75 PINHOLE 512 512 677.85792712355214 675.18876689189187 256 256
76 PINHOLE 512 512 638.89068532818533 636.72767857142856 256 256
77 PINHOLE 512 512 635.04090250965248 633.66535955598454 256 256
78 PINHOLE 512 512 643.70258204633205 641.51158301158307 256 256
79 PINHOLE 512 512 673.79397924710429 671.43303571428578 256 256
80 PINHOLE 512 512 637.18713803088804 635.34700772200779 256 256
81 PINHOLE 512 512 636.60201496138995 635.15582770270271 256 256
82 PINHOLE 512 512 635.96947393822393 634.81340492277991 256 256
83 PINHOLE 512 512 661.2594715250965 657.37258687258691 256 256
84 PINHOLE 512 512 643.55743243243239 641.44443774131275 256 256
85 PINHOLE 512 512 663.84061293436298 661.64225386100384 256 256
86 PINHOLE 512 512 635.72442084942088 634.16487693050192 256 256
87 PINHOLE 512 512 666.30043436293442 662.81756756756761 256 256
88 PINHOLE 512 512 632.39189189189187 631.51634893822393 256 256
89 PINHOLE 512 512 667.1725386100386 663.5979126447877 256 256
90 PINHOLE 512 512 653.36009893822393 650.2691240347491 256 256
91 PINHOLE 512 512 635.07004102316603 633.54156611969108 256 256
92 PINHOLE 512 512 652.95529681467178 650.06207770270271 256 256
93 PINHOLE 512 512 654.01671090733589 651.4707408301158 256 256
94 PINHOLE 512 512 644.00410231660237 641.52775096525102 256 256
95 PINHOLE 512 512 645.97484314671817 643.43725868725869 256 256
96 PINHOLE 512 512 634.77895752895756 633.27919884169887 256 256
97 PINHOLE 512 512 641.37928330115835 639.61938947876445 256 256
98 PINHOLE 512 512 651.12825772200779 648.73564189189187 256 256
99 PINHOLE 512 512 636.23425434362935 634.56726592664097 256 256
100 PINHOLE 512 512 635.02002895752901 633.49909507722009 256 256
101 PINHOLE 512 512 636.57909025096524 634.79162644787641 256 256
102 PINHOLE 512 512 654.49728523166027 650.94817808880316 256 256
103 PINHOLE 512 512 635.80405405405406 634.00941119691117 256 256
104 PINHOLE 512 512 635.09471525096524 633.53336148648646 256 256
105 PINHOLE 512 512 639.95951978764481 637.68032094594594 256 256
106 PINHOLE 512 512 636.09000965250971 634.0422297297298 256 256
107 PINHOLE 512 512 652.80821669884176 648.1304898648649 256 256
108 PINHOLE 512 512 677.23359073359075 674.65015685328183 256 256
