# Frame list with one line of data per frame:
#   FRAME_ID, RIG_ID, RIG_FROM_WORLD[QW, QX, QY, QZ, TX, TY, TZ], NUM_DATA_IDS, DATA_IDS[] as (SENSOR_TYPE, SENSOR_ID, DATA_ID)
# Number of frames: 108
1 1 1 -4.6855890104779974e-05 -1.8074699255521409e-05 -4.0262457332573831e-05 6.5102038206532598e-05 -2.970646892208606e-05 9.4432049081660807e-05 1 CAMERA 1 1
2 2 0.99993066994421731 -0.0076999084102474975 0.0084604097667481584 0.0027923200908240805 -0.0016678476240485907 0.0082847820594906807 -0.79523873329162598 1 CAMERA 2 2
3 3 0.99966913948715708 0.0053941354285185344 -0.024397396845005234 -0.0061061363746423864 -0.033498615026473999 -0.0182061567902565 0.84504115581512451 1 CAMERA 3 3
4 4 0.80931381745495978 0.0042205724101392738 -0.5866027435645299 -0.029841132595558741 -1.4868218898773193 0.012973044998943806 0.91151762008666992 1 CAMERA 4 4
5 5 0.72691611432004188 0.0048914728040575861 -0.68625160544802977 -0.025056746943792389 -1.6765410900115967 0.013512831181287766 0.67502027750015259 1 CAMERA 5 5
6 6 0.79504008433515705 0.0054228694728360206 -0.60569131677553945 -0.031936115324429623 -1.5246497392654419 0.014780133031308651 0.86102098226547241 1 CAMERA 6 6
7 7 0.99991564096825847 -0.008223619213284114 0.0096205700463699133 0.0029207340530739965 -0.0043771862983703613 0.0076791872270405293 -0.84610468149185181 1 CAMERA 7 7
8 8 0.85185332975301598 -8.6910527695226213e-05 -0.52321961061290057 -0.02423040628866575 -1.3421485424041748 0.0065936213359236717 1.0748729705810547 1 CAMERA 8 8
9 9 0.76034219041795859 0.0062566356695117325 -0.64892504322440225 -0.027145495698235041 -1.6080822944641113 0.0097196297720074654 0.75767171382904053 1 CAMERA 9 9
10 10 0.76640988036996149 0.0053995403579486555 -0.64167292318282187 -0.029028486214690969 -1.5952781438827515 0.012256515212357044 0.77688318490982056 1 CAMERA 10 10
11 11 0.99993902258927247 0.0050802716293236634 -0.0092015908704380003 -0.0033856500378230308 -0.0093111544847488403 -0.010617760941386223 0.44782555103302002 1 CAMERA 11 11
12 12 0.99732877424549748 0.0037960667671335128 -0.071684339559804008 -0.013500382088027783 -0.13112850487232208 -0.017646731808781624 1.0152076482772827 1 CAMERA 12 12
13 13 0.99999978393313937 -0.00020718864945720123 -0.00027779893025230498 -0.0005625855461879268 0.00048278985195793211 -0.0001945558178704232 0.039750382304191589 1 CAMERA 13 13
14 14 0.99799037706249982 0.0027336290633058107 -0.061810263607691963 -0.013682646337808644 -0.11053316295146942 -0.015587778761982918 0.99734503030776978 1 CAMERA 14 14
15 15 0.99915362094388538 0.0036223847385626253 -0.040109438039492656 -0.0083745948688813653 -0.065102726221084595 -0.016243346035480499 0.94134998321533203 1 CAMERA 15 15
16 16 0.99982384530887047 0.0063956153546344931 -0.017139076036120384 -0.0041999035881213082 -0.02019520103931427 -0.016629191115498543 0.70793640613555908 1 CAMERA 16 16
17 17 0.99999014283328835 -0.001941995163614037 0.0014395196209203074 0.0037229177807979242 0.0030686534009873867 0.0049255429767072201 -0.27948722243309021 1 CAMERA 17 17
18 18 0.99996150210901191 0.0044638815080354742 -0.0072824659606512011 -0.0020111223062052193 -0.0071797799319028854 -0.0092967329546809196 0.41526201367378235 1 CAMERA 18 18
19 19 0.94317841620630805 0.0052531506734533329 -0.33149533888537214 -0.022309835276481386 -0.80784374475479126 -0.018929362297058105 1.3127763271331787 1 CAMERA 19 19
20 20 0.99856165172242184 0.0032226010527910678 -0.052282485961946644 -0.011436088535264113 -0.090376093983650208 -0.0156413484364748 0.97529566287994385 1 CAMERA 20 20
21 21 0.99985270607500987 0.0065309455673454204 -0.015611201990174007 -0.0028637946120385997 -0.017065929248929024 -0.016313623636960983 0.66988325119018555 1 CAMERA 21 21
22 22 0.99995040770584909 -0.0066549273863066782 0.0062912884231962609 0.0039117748843078134 0.0010316160041838884 0.0080834683030843735 -0.67602574825286865 1 CAMERA 22 22
23 23 0.87972012454258153 0.00075486430144648003 -0.47492071681059056 -0.023286472064629981 -1.2050660848617554 0.0066736736334860325 1.1293081045150757 1 CAMERA 23 23
24 24 0.74905740593748449 0.0061228610127750556 -0.66196279514713818 -0.02609153751871774 -1.628780722618103 0.0070590456016361713 0.72407829761505127 1 CAMERA 24 24
25 25 0.9999696756771882 -0.004874582839034274 0.0034007163289958274 0.0050324463368739795 0.0027751123998314142 0.0059120380319654942 -0.46221122145652771 1 CAMERA 25 25
26 26 0.72057922456106005 0.0064055043114694156 -0.69279906932900304 -0.027457303586800274 -1.6884020566940308 0.015047864988446236 0.67341780662536621 1 CAMERA 26 26
27 27 0.99664512782175985 0.0037635160265260884 -0.080579662158500986 -0.01382910097779 -0.15066246688365936 -0.017838301137089729 1.0419657230377197 1 CAMERA 27 27
28 28 0.99999946355805314 0.00016822311883703101 -0.00056969445724421681 -0.00085490929654602607 0.00034243572736158967 -0.00050275702960789204 0.061556115746498108 1 CAMERA 28 28
29 29 0.9996023505062076 0.0056134798132948848 -0.026878070279415207 -0.0064189864631918137 -0.037385012954473495 -0.018961375579237938 0.86903321743011475 1 CAMERA 29 29
30 30 0.99989328709086833 0.0062761030897105011 -0.01307570351450401 -0.0017463924995101388 -0.012472149915993214 -0.014343827962875366 0.58504974842071533 1 CAMERA 30 30
31 31 0.99999494104297815 -0.00027124850456659107 0.0011490121753419975 0.0029536986672615119 0.0032304208725690842 0.0048024039715528488 -0.23346978425979614 1 CAMERA 31 31
32 32 0.99880942609497902 0.003368046816092042 -0.047742337290017367 -0.009436546721273479 -0.081007234752178192 -0.015897132456302643 0.96442180871963501 1 CAMERA 32 32
33 33 0.995992296325524 0.0030451305674209089 -0.08853904593757983 -0.012284280448565454 -0.16925592720508575 -0.017283119261264801 1.0698010921478271 1 CAMERA 33 33
34 34 0.72070180174336518 0.0052558212327569204 -0.69275806951083385 -0.025447302273544824 -1.6868712902069092 0.01440591923892498 0.66648018360137939 1 CAMERA 34 34
35 35 0.99993316605865779 -0.0074765202896905107 0.0083634035455943632 0.0027943791647907492 -0.0017737939488142729 0.0084770340472459793 -0.77094942331314087 1 CAMERA 35 35
36 36 0.72402681854668771 0.0034570629005368841 -0.68928102634521959 -0.025784862425923621 -1.6833896636962891 0.019479893147945404 0.66909301280975342 1 CAMERA 36 36
37 37 0.99952007489608596 0.0052964143224278901 -0.02950618136415193 -0.0078076323449492802 -0.043139204382896423 -0.018278708681464195 0.89235824346542358 1 CAMERA 37 37
38 38 0.99979239037252976 0.006829291935903677 -0.018782251443099657 -0.0039698535868412082 -0.022193616256117821 -0.017495617270469666 0.73315340280532837 1 CAMERA 38 38
39 39 0.99167124766539216 0.0095154111301773148 -0.1271660674403618 -0.018066004861010922 -0.26187753677368164 -0.033373370766639709 1.153892993927002 1 CAMERA 39 39
40 40 0.99999059732308149 0.0031206809278044572 -0.00024693206875853874 -0.0030001139168557758 -0.00082903727889060974 -0.0052469177171587944 0.25652304291725159 1 CAMERA 40 40
41 41 0.9997801017383815 -0.010539474447307738 0.018101743491690813 -0.00099735639152830308 -0.021105527877807617 0.0074414210394024849 -1.1117148399353027 1 CAMERA 41 41
42 42 0.99997338617195985 -0.0033960068091582092 0.0017647528371290721 0.0062117218119321282 0.0040116077288985252 0.0049014738760888577 -0.32234901189804077 1 CAMERA 42 42
43 43 0.99997763310690913 -0.0048791672376830592 0.0031450731055069898 0.0033211262301165102 0.0024043105076998472 0.0050606019794940948 -0.41373521089553833 1 CAMERA 43 43
44 44 0.99969277281829882 0.0064162682888500326 -0.023312665936153252 -0.0054493783092972141 -0.030853582546114922 -0.018722433596849442 0.80768716335296631 1 CAMERA 44 44
45 45 0.9998739952929323 -0.0078915569001972129 0.013767641702728392 0.00040197484036780614 -0.011251848191022873 0.011211485601961613 -0.99067902565002441 1 CAMERA 45 45
46 46 0.99974569424968085 -0.0047850777462175552 0.021696857657455222 0.0038599374141268052 -0.028028780594468117 0.022464737296104431 -1.2554144859313965 1 CAMERA 46 46
47 47 0.99999099220748811 -0.00067521366821230626 0.0013741901877590999 0.0039564701888263392 0.0028538822662085295 0.0041585173457860947 -0.21093475818634033 1 CAMERA 47 47
48 48 0.9999959468759414 0.0028262320438276799 -0.00033391262701777533 6.4128697237523478e-06 0.00088611157843843102 -0.0036228122189640999 0.18095001578330994 1 CAMERA 48 48
49 49 0.99990003801451244 -0.0073671867092487834 0.011970398782917587 0.0015360155289199575 -0.0076874913647770882 0.010715975426137447 -0.94282388687133789 1 CAMERA 49 49
50 50 0.842714451287078 -0.00018118925282020534 -0.5378023130209757 -0.024516056750446928 -1.3791437149047852 0.0088842464610934258 1.0363125801086426 1 CAMERA 50 50
51 51 0.99994046808900638 -0.0073056050931829082 0.0072370004866653334 0.0036501058579529485 -4.1485807741992176e-05 0.0083204824477434158 -0.72232657670974731 1 CAMERA 51 51
52 52 0.97357149227574136 0.0065566160387592748 -0.22715866850407171 -0.022682617967046011 -0.52020525932312012 -0.025712670758366585 1.3009107112884521 1 CAMERA 52 52
53 53 0.99999563395023905 0.0012070530524263743 0.00066565293989870181 0.0026139639125108468 0.0019919814076274633 0.0029924779664725065 -0.12490590661764145 1 CAMERA 53 53
54 54 0.99995963193953574 -0.0064906793066136486 0.005429790684578769 0.0030198629438704249 0.0018148132367059588 0.0069970083422958851 -0.62701040506362915 1 CAMERA 54 54
55 55 0.99983179644738751 -0.009175232716829464 0.015824346794559085 -0.0013366550877863381 -0.015055513009428978 0.009264419786632061 -1.0380474328994751 1 CAMERA 55 55
56 56 0.99997755114868603 -0.0045757217280888241 0.0024131744101726295 0.0042596484308301029 0.0036496580578386784 0.0046377042308449745 -0.36720326542854309 1 CAMERA 56 56
57 57 0.99996454950915115 -0.0057978613243487662 0.0044908599863988635 0.0041371257774037622 0.0025064051151275635 0.0068247877061367035 -0.57902497053146362 1 CAMERA 57 57
58 58 0.9999907612373824 0.0035708168732626489 0.00025979132532780251 -0.0023805753937149367 -0.0001521927333669737 -0.004649789072573185 0.21958926320075989 1 CAMERA 58 58
59 59 0.99937894281226247 0.0039874922525653545 -0.034035308862600172 -0.008211087533658545 -0.052917823195457458 -0.016659045591950417 0.91545051336288452 1 CAMERA 59 59
60 60 0.74109300924220289 0.0051605603483039072 -0.67089155107803833 -0.0256729871441135 -1.6465044021606445 0.010442034341394901 0.70054984092712402 1 CAMERA 60 60
61 61 0.99990518686713903 0.0057922640633176741 -0.012394411313244896 -0.0015652733062179033 -0.012442044913768768 -0.012704217806458473 0.52547347545623779 1 CAMERA 61 61
62 62 0.99997238031630375 0.0047125318150720808 -0.0050001403188417717 -0.0028338604999031815 -0.0047265547327697277 -0.0089147556573152542 0.37953761219978333 1 CAMERA 62 62
63 63 0.99998352663061429 0.0038495660682073465 -0.0031432826992518594 -0.0028711383092335564 -0.0034409142099320889 -0.0074944579973816872 0.34547534584999084 1 CAMERA 63 63
64 64 0.99992022345139986 0.005201574241571136 -0.011058691219464411 -0.0031928695965070049 -0.011453677900135517 -0.011365081183612347 0.47896331548690796 1 CAMERA 64 64
65 65 0.99996896039950478 -0.0056638920392129031 0.0037895606834801067 0.0039551477592534648 0.0024673074949532747 0.0057046664878726006 -0.50858128070831299 1 CAMERA 65 65
66 66 0.73376238411195605 0.0063155969974408623 -0.67893087461061441 -0.024612226014659337 -1.6594598293304443 0.0087726935744285583 0.6741984486579895 1 CAMERA 66 66
67 67 0.99999822676024575 0.001294523037293971 0.00034426647399919826 0.0013209384773570029 0.00066136854002252221 0.0011433485196903348 -0.039642568677663803 1 CAMERA 67 67
68 68 0.99978317204802969 -0.011722138259451835 0.017210292492815134 -9.5427558693006792e-06 -0.019048528745770454 0.0053803091868758202 -1.0860929489135742 1 CAMERA 68 68
69 69 0.96126474065354439 0.0091308664688290742 -0.27522038954818867 -0.011851496053333722 -0.6437147855758667 -0.036632828414440155 1.3163959980010986 1 CAMERA 69 69
70 70 0.9781843146112098 0.0058582480070975568 -0.20663893590323967 -0.02053019857714115 -0.4668458104133606 -0.025382159277796745 1.2857735157012939 1 CAMERA 70 70
71 71 0.99513889247893994 0.0048997667126125617 -0.097651836491529115 -0.011776631703620538 -0.18948991596698761 -0.021471248939633369 1.094271183013916 1 CAMERA 71 71
72 72 0.98777196977803272 0.010067061262377497 -0.15447861817369657 -0.01848094740181665 -0.32856681942939758 -0.035387318581342697 1.2029737234115601 1 CAMERA 72 72
73 73 0.99999924004049034 0.0009915783271456347 0.00057967246208610835 0.00044216938974369241 0.0008253823034465313 0.0018826344748958945 -0.08137107640504837 1 CAMERA 73 73
74 74 0.99999602138204657 0.0025132965406628144 -0.0003809284411413016 -0.0012182626099588563 0.00016877203597687185 -0.0027141713071614504 0.14217081665992737 1 CAMERA 74 74
75 75 0.73053513699532158 0.0054465943519747826 -0.68244690497669747 -0.023558855905900386 -1.6671715974807739 0.0094230901449918747 0.68000620603561401 1 CAMERA 75 75
76 76 0.99996510087150947 -0.0055159129629817807 0.0042973521940329797 0.0045723149895454196 0.0016110279830172658 0.0061614373698830605 -0.53167754411697388 1 CAMERA 76 76
77 77 0.99972730882281646 0.0062943300971401344 -0.021768657361322042 -0.0056408256136808322 -0.028017880395054817 -0.017956383526325226 0.78339207172393799 1 CAMERA 77 77
78 78 0.99332523444786947 0.0067420880084777101 -0.11404424931551244 -0.015919849896089557 -0.22960419952869415 -0.026974137872457504 1.1294122934341431 1 CAMERA 78 78
79 79 0.72068485764093593 0.0073128288508765215 -0.6926511257389345 -0.028183324937616307 -1.6890207529067993 0.013056488707661629 0.67517870664596558 1 CAMERA 79 79
80 80 0.99979241272891273 -0.0032089663557609421 0.020087234999014825 -0.0011531825072790968 -0.024799618870019913 0.023270346224308014 -1.165269136428833 1 CAMERA 80 80
81 81 0.99977232159113205 -0.001161094207951306 0.021279817662059455 0.0010640067541248268 -0.02806415781378746 0.03039737232029438 -1.2100286483764648 1 CAMERA 81 81
82 82 0.99987287756437904 0.0057290296475430895 -0.014723459447987681 -0.0021520542197370342 -0.015461576171219349 -0.014821297489106655 0.64209157228469849 1 CAMERA 82 82
83 83 0.86541379355693082 -0.0040222464161169215 -0.50032561483692117 -0.02677799534893328 -1.279301643371582 0.021241219714283943 1.106151819229126 1 CAMERA 83 83
84 84 0.90730690985282758 0.0073903057200330547 -0.42007012626815232 -0.016752130895350784 -1.0488002300262451 -0.023153029382228851 1.2130832672119141 1 CAMERA 84 84
85 85 0.95405936172224093 0.0080568755823457131 -0.29889065124058173 -0.019240288388094023 -0.71975028514862061 -0.030080888420343399 1.330593466758728 1 CAMERA 85 85
86 86 0.99998858564538173 0.0039592592743771223 -0.0017323169567601694 -0.0020354169618456222 -0.0017706284997984767 -0.0067434199154376984 0.31145834922790527 1 CAMERA 86 86
87 87 0.82423035672227907 0.00071418127112813105 -0.56553748424522832 -0.02848094905458351 -1.4353185892105103 0.015434279106557369 0.96204239130020142 1 CAMERA 87 87
88 88 0.99999701231271754 0.0012372840724077388 -0.00036029815926516567 -0.0020739182626267195 0.00017317107995040715 -0.0014968859031796455 0.10088745504617691 1 CAMERA 88 88
89 89 0.77900295403364828 0.005743017733280403 -0.62616482908694115 -0.032233552234186967 -1.5665916204452515 0.014123641885817051 0.80671155452728271 1 CAMERA 89 89
90 90 0.98293965006891681 0.0067580264838319609 -0.18319492031807227 -0.014952981248469133 -0.40436461567878723 -0.029477300122380257 1.2510945796966553 1 CAMERA 90 90
91 91 0.99991139377000937 0.0052911766373393331 -0.012038925556434229 -0.0020654610203630925 -0.011437737382948399 -0.011586978100240231 0.49532541632652283 1 CAMERA 91 91
92 92 0.9854604473765266 0.0077646326416947464 -0.168659895693206 -0.019006749768614665 -0.36557108163833618 -0.030473893508315086 1.2285764217376709 1 CAMERA 92 92
93 93 0.9372970838291993 0.0060610277694273587 -0.34786143293249711 -0.020733062735187487 -0.85465520620346069 -0.01934804767370224 1.2995404005050659 1 CAMERA 93 93
94 94 0.99402916064173674 0.0052318923585856795 -0.10798359095416299 -0.014771639882099766 -0.21552738547325134 -0.023160679265856743 1.1172676086425781 1 CAMERA 94 94
95 95 0.98984461229583343 0.0099111646046109534 -0.14047128713875096 -0.019422548456077798 -0.29394984245300293 -0.033950962126255035 1.1745672225952148 1 CAMERA 95 95
96 96 0.99999146904882796 0.0034940601379865625 -0.00074753800055691298 -0.002071359868848073 -0.00080687965964898467 -0.0058420738205313683 0.27493605017662048 1 CAMERA 96 96
97 97 0.99990436722522469 -0.0080254469926490657 0.01100238205735719 0.002408277749814136 -0.0067226155661046505 0.0088787451386451721 -0.89334475994110107 1 CAMERA 97 97
98 98 0.92430205014098543 0.0079540774525277413 -0.38119267031079496 -0.017164260657570221 -0.94819968938827515 -0.025013748556375504 1.2697373628616333 1 CAMERA 98 98
99 99 0.99976266339307485 0.0066759386420827847 -0.020220256312336482 -0.0046035867835946776 -0.025267252698540688 -0.017807923257350922 0.75898122787475586 1 CAMERA 99 99
100 100 0.99989523934941027 0.0061564557388570501 -0.012936990455642169 -0.0020604432987072212 -0.012436673045158386 -0.013482872396707535 0.55592238903045654 1 CAMERA 100 100
101 101 0.99988973277831605 0.0061431651392096056 -0.013379446795957718 -0.0019436695171606184 -0.013751215301454067 -0.014377427287399769 0.61464780569076538 1 CAMERA 101 101
102 102 0.98135804504793223 0.0065855557260837789 -0.19140456387244256 -0.016040914997894951 -0.42370259761810303 -0.028436275199055672 1.2620422840118408 1 CAMERA 102 102
103 103 0.99968001342288271 0.0064469818707415224 -0.023836347985321523 -0.0054897323050864116 -0.03131258487701416 -0.019212482497096062 0.81979960203170776 1 CAMERA 103 103
104 104 0.99984082057766366 0.0068828695486923396 -0.016021811784869541 -0.003777210220431882 -0.018103515729308128 -0.016807708889245987 0.68167304992675781 1 CAMERA 104 104
105 105 0.89093352712643914 0.0037099561893674244 -0.45378727457153711 -0.017343409230584441 -1.1365592479705811 -0.008571370504796505 1.1587016582489014 1 CAMERA 105 105
106 106 0.99998948717551805 -0.00034265699720244469 0.00079615706886931609 0.0045029449551457854 0.0031915511935949326 0.0036230916157364845 -0.16741065680980682 1 CAMERA 106 106
107 107 0.96791250421075414 0.0098315819539549106 -0.25070584233326954 -0.013975301913416421 -0.58126282691955566 -0.0371980220079422 1.3041577339172363 1 CAMERA 107 107
108 108 0.72203282451643702 0.0036175922562347541 -0.69138795714338874 -0.025262462309431893 -1.6877820491790771 0.017435228452086449 0.66901534795761108 1 CAMERA 108 108
